M0
1746783.53063725
1424162.42156863
3446668.37009804
6774514.12745098
8218173.08823529
8275031.62745098
8175185.12745098
8197607.48039216
8202972.95098039
7750288.06862745
6304291.90686275
2573026.62254902
4127833.16176471
5165246.02941176
6130545.14705882
6582412.18627451
7320802.74509804
7755858.3627451
7960536.97058824
7950652.59803922
7920676.12745098
7904135.11764706
7906370.67647059
7965874.31372549
7907667.78431373
7932749.88235294
7918775.38235294
7983816.81372549
7879812.08823529
7952326.98039216
7919265.50980392
8114021.10784314
8807067.82352941
8944878.56862745
8886336.31372549
8853458.05882353
8929118.84313725
8868931.07843137
8876934.74509804
8864333.98039216
8903934.60784314
9074316.64705882
9337005.58823529
9290375.70588235
9318679.45098039
9387215.56862745
9316815.37254902
9225165.07843137
9279618.84313725
9382583.98039216
7195553.88016529
7186283.05785124
7180306.18595041
7189971.44214876
7177212.24793388
7169194.72727273
7144118.47107438
7185873.86776859
7120048.33471074
7141130.33884297
7129736.88429752
7189525.23553719
7293789.40909091
7264472.51239669
7344706.88429752
7344587.17768595
7266591.01239669
7305921.28099174
7334736.37603306
7473200.62396694
7408344.94628099
7194606.85123967
7147700.91735537
7182987.81404959
7171772.7107438
7196716.2892562
7182682.36363636
7156127.90082645
7167142.32231405
7163218.04545455
7157991.61157025
7160475.45454545
7161708.57438016
7164187.31404959
7188069.94628099
7228486.83057851
7169837.59917355
7227156.34710744
7183228.80991735
7119876.74793388
7104843.5
7396119.55371901
7645720.06198347
7525371.80165289
7190744.09504132
7268055.52479339
7310414.45454545
7268833.83884297
7287910.04545455
7200897.5
