Mt
6437917.55286344
6934569.33259912
6997718.01321586
1577468.00056696
6860066.12
5452219.35348361
7851858.30122951
7928101.44057377
7931145.25409836
8728648.06147541
335164.766109804
1159369.11781127
3418218.88296569
7454732.29901961
7862972.48039216
7976743.67156863
7190009.75592417
7179856.73222749
7176494.00473934
7160049.66824645
7159118.54028436
7137511.12085308
7186193.84597156
7273351.46682464
7354507.72511848
7273977.00710901
7340614.88862559
7449387.53080569
7182316.33175355
7185026.62085308
7176224.19905213
7159897.40521327
7172939.15402844
7157360.32227488
7156035.01658768
7176741.18009479
7200265.88862559
7204647.15876777
7149314.50473934
7257092.85545024
7633685.01184834
7229967.3507109
7297825.07109005
7268594.22985782
7209703.05924171
7205184.72748815
7173151.60633484
7178446.54298643
7171950.95248869
7168217.5678733
7155563.14253394
7156888.74208145
7187442.2918552
7197927.60180996
7203184.23076923
7110723.42307692
7420383.10633484
7506288.760181
7246661.11764706
7284723.7918552
7242477.95273632
