M
7845337.3125
7766409.3125
7788185.125
7749817.5
7719961.1875
7731039.6875
7848224.6875
7780211.25
7841814.4375
7791735.9375
7838256.625
7738449.875
7777784.1875
7866800.9375
7848852.0625
7789690.0625
7821062.9375
7787616.125
7880387.0625
7844632.4375
7961969.375
7965854.5625
7865658.0625
7960672.8125
7828853.9375
7803662.375
7854402.5
7844346.375
7904132.5625
7861597.5
7940120
7852544.375
7790160.5
7841238.625
7914395.5
7880090.75
7907569.625
7953361.0625
7941760.5625
7924394.75
7856051.9375
7969463.875
7940257.6875
7975930.875
7851571.5625
7860671.4375
7889751.9375
7853168.1875
7888488.125
8070621.875
7935848.3125
7826437.25
7936139.4375
7960087.0625
7922533
7981667.5
7918721.6875
7877198.3125
7853632.125
7906983.75
7863167.4375
7881919.5
8015037.875
7979571.125
8003785.8125
7940561.375
7949350.0625
7977089.3125
7917849.4375
7883186.375
7985539
7904755
7032952.5625
4729669.15625
3988230.96875
3787483.21875
3761373.03125
3785068.3125
3743384.4375
3791456.46875
3729591.46875
3758602.84375
3856518.625
3717194.65625
3839181.8125
3834139.9375
3755160.5625
3826841.78125
3731335.8125
3829001.78125
3781798.46875
3800464.25
3751258.28125
3738833.90625
3772806.125
3707283.625
3840643.6875
3724715.3125
3845388.6875
