M
7305181.04545455
7287808.72727273
7312445.72727273
7230034.63636364
7336290.5
7429316.81818182
7297012.68181818
7386032.77272727
7357853
7262981.45454545
7207459.95454545
7330839.40909091
7287916.72727273
7273604
7300206.77272727
7245548.72727273
7352457.59090909
7416090.90909091
7277297.45454545
7294382.68181818
7260412.45454545
7260026.63636364
7207102.54545455
7159526.22727273
7263287.18181818
7213725.09090909
7255203.95454545
7269419.68181818
7390435.27272727
7403338.59090909
7360821.31818182
7338576.54545455
7185867.68181818
7087523.36363636
7174847.5
7310064.90909091
7230271.36363636
7339966.81818182
7331317
7280531.63636364
7127230
7135879.22727273
7094642.63636364
7152737.81818182
7260996.77272727
7229401.22727273
7306983.45454545
7296109.90909091
7169008
7239395.09090909
7168302.31818182
7070340.40909091
7178032.54545455
7100986.95454545
7159641.27272727
7232748.31818182
7366146.81818182
7311209.54545455
7277620.86363636
7272915.81818182
7229058.90909091
7260564.04545455
7315138.31818182
7252393.36363636
7250609.81818182
7205374.95454545
7166009.86363636
7242343.04545455
7221147.5
7106370.04545455
7195778.5
7128554.72727273
7080637.40909091
7108703.95454545
7159004.40909091
7211863.31818182
7180276.77272727
7205767.22727273
7260491.22727273
7206149.5
7257906.81818182
7298396.63636364
6778655.95454545
3848879.15909091
1982243.93181818
970442.113636364
843624.988636364
996322.545454545
1980689.55681818
1910230.19318182
2324033.38636364
2371673.61363636
2466403.86363636
3117697.61363636
1807606.01136364
1506290.10227273
935868.045454545
721644.1875
1047317.0625
