M
7826121.875
7808517.75
7803543.25
7729667.5
7847373.125
7868424.6875
7804086.125
7809790.125
7795636.625
7853407.6875
7836539.75
7922157.1875
7986994
7898178.9375
7911156.4375
7926171.6875
7772351.5
7826706.3125
7876412.25
7856403.5
7894818
7895535.1875
7913914.6875
7807623.3125
7793344.1875
7917339.5625
7878767
7883038.125
7951871.75
7927205.6875
7969377.75
7843155.375
7929129.5625
7958025.5
7966581.8125
7909699.5625
7832918.0625
7909174.5
7844734.3125
7857506.5625
8011976.75
8016408.375
7849003.875
7870927.0625
7979959.4375
7930525.625
7954023.1875
7972873.125
7873123.3125
7862274.75
7894648.875
7886458.125
7830519.125
7994477.75
7981115.625
8001713.6875
7967114.75
7933071.75
7971308.125
7958059.6875
7871278.9375
7954197.3125
7965132.25
7594044.5625
5681695.625
4129780.34375
3868772.40625
3742839.78125
3785301.21875
3765352.71875
3741798.71875
3788412.40625
3722550.1875
3815641.375
3775396.65625
3792037.28125
3848184.5
3761034.9375
3823563.3125
3743044.78125
3808491.5625
3803501.5625
3738101.09375
3851659.6875
3673747.40625
3782270.84375
3720361.21875
3769965.5625
3805358.09375
3767488.4375
3805957.5625
3766778.21875
3841074.375
3745238.84375
3744027.3125
1823132.4531875
690973.6328125
530489.5468875
494030.0429875
