M
7667540.27777778
7570411.22222222
7541592.88888889
7362093.33333333
7027748.16666667
7121149
6037326.66666667
4497457.86111111
3388024.08333333
2696093.75
2381830.63888889
2022046.91666667
2068197.30555556
1461118.55555556
749864.583333333
591377.131944444
521697.1771
478588.086822222
461502.885444444
459029.954888889
444229.211833333
434214.958355556
444895.697933333
432148.059055555
446904.375022222
432204.760433333
412412.197933333
434997.888911111
432252.267388889
357355.267388889
287984.816
220099.039944444
155017.123288889
118713.927955556
92959.7135455556
66520.6202266667
51608.0256077778
42724.5125877778
52369.5138888889
50437.4483533333
39755.1718755556
45526.8476577778
60007.3715288889
63275.4809044445
64603.87283
55456.8324644445
41391.5282122222
40732.6940111111
50995.1575522222
52648.3671877778
50212.2191833333
37300.6375877778
36710.7513022222
46041.6562488889
47183.1219633333
43487.5342877778
41074.36849
40288.36545
46251.5625022222
44613.67448
56150.90625
55662.1419277778
57249.4674488889
59972.1306444444
64980.7916666667
62829.625
63842.3862844444
63891.4153644444
70757.0616311111
69618.6614588889
68239.7105055556
62317.8810766667
79435.2656266667
69836.23264
58508.9110244445
59731.5824644444
76387.7803844445
77305.5477444445
76335.6892366667
72588.0069455555
63707.55903
72073.1953144444
82851.9965288889
76187.0668411111
67660.5546877778
67154.9361988889
70865.8480922222
70533.3706611111
65209.0811655556
70308.1375888889
76338.7526066667
84345.86719
72142.1462677778
75287.6879344444
78912.7942711111
81744.2404533333
62659.5529511111
63125.3346355555
66987.9314255556
